11637517422274862853338597396444961
13813736722492484783351359589446246
21365113283247622439435873354154698
36949315694715142671582625378269373
74634171118574528222968563933317967
13191281372421239248353234135946434
13599124212461123532357223464346833
31254216394236532741534764385264587
12931385212314249632342535174345364
23119445813422155692453326671356443
22748628533385973964449618417555172
24924847833513595894462461691557357
32476224394358733541546984465265719
47151426715826253782693736489371484
85745282229685639333179674144428178
24212392483532341359464345246157545
24611235323572234643468334575457944
42365327415347643852645875496375698
23142496323425351743453646285456475
34221556924533266713564437782467554
33859739644496184175551729528666283
35135958944624616915573572712668468
43587335415469844652657195576376821
58262537826937364893714847591482595
96856393331796741444281785255539289
35323413594643452461575456357268656
35722346434683345754579445686568155
53476438526458754963756986517486719
34253517434536462854564757396567586
45332667135644377824675548893578665
44961841755517295286662831639777394
46246169155735727126684683823779579
54698446526571955763768216687487932
69373648937148475914825958612593616
17967414442817852555392896366641391
46434524615754563572686567468379767
46833457545794456865681556797679266
64587549637569865174867197628597821
45364628545647573965675868417678697
56443778246755488935786659914689776
55172952866628316397773942741888415
57357271266846838237795794934881681
65719557637682166874879327798598143
71484759148259586125936169723614727