784304459131808911509115713818422592413142528
119347560475207771813212946032272214045795212
586027685353617609978812866511324552641763783
517547057691812295137219613541661257981802379
227389416959994515648221342730996765740668989
419724043348730973908923106214249138519669020
059374240108267955840698639760265489622525886
250561412510974491562072766666411627913292123
328000467244329627374348758917511178048226736
741558384251980448821565277023487431732350935
816796088818197629747123846179320707213271293
637625336119753840681829136175367598788333010
120485073968271336262143698576064056657065407
255705465824224162381030814483211389239296286
293308375895198578686063917235835565883110605
252485687480650316543117566926104282890922697
513813335071253738628164457511892372016956983
656659675972293590487428902612576471599189989
162195805320858957008157471692879188117039032
765561952777655587215342374277650277003091007
466246392695105878893393170292785762621766603
839330119284437573451086348371772255561058500
022586745551656840163686955095616300879734443
731092831768640720569686334114024773158213273
901761637847526382642796891171569696176505169
585197992160960342826270302153803024933973375
842475770962042106721364402524324639415399548
635133997163549517707055390032891155126539089
926326534398642063180607466702921188771964461
239935705424303682782274971536671664562341367